image_width: 640
image_height: 480
camera_name: head_camera
camera_matrix:
  rows: 3
  cols: 3
  data: [552.9766343538286, 0, 542.8495143318894, 0, 644.7532135980374, 134.0985098306266, 0, 0, 1]
distortion_model: plumb_bob
distortion_coefficients:
  rows: 1
  cols: 5
  data: [-0.8255954807361675, 0.2223353808074156, 0.04497263052520397, -0.1907185014848739, 0]
rectification_matrix:
  rows: 3
  cols: 3
  data: [1, 0, 0, 0, 1, 0, 0, 0, 1]
projection_matrix:
  rows: 3
  cols: 4
  data: [526.4099731445312, 0, 530.1641689113821, 0, 0, 591.7213745117188, 127.2644047474869, 0, 0, 0, 1, 0]